R1£º
[0.9964261119905804, 0.01761866592093517, -0.08261105225393327;
 -0.0182996772155361, 0.999804464661603, -0.007493614383752615;
 0.08246287138550783, 0.008978588635842071, 0.9965536913729062]
R2£º
[0.9893688840910685, 0.004019500023284339, -0.1453721252921513;
 -0.002817794226434051, 0.9999601471196901, 0.008471375807093506;
 0.1454003824894955, -0.007971686893647507, 0.9893407810153072]
P1£º
[7853.765634103836, 0, 1880.550231933594, 0;
 0, 7853.765634103836, 970.8605041503906, 0;
 0, 0, 1, 0]
P2£º
[7853.765634103836, 0, 2387.917221069336, -576125.7150221318;
 0, 7853.765634103836, 970.8605041503906, 0;
 0, 0, 1, 0]
Q£º
[1, 0, 0, -1880.550231933594;
 0, 1, 0, -970.8605041503906;
 0, 0, 0, 7853.765634103836;
 0, 0, 0.01363203451837267, 6.916444309381248]
