左相机内参数：
[7894.302084242289, 0, 1216.117060275077;
 0, 7893.980963601273, 974.4183691184483;
 0, 0, 1]
右相机内参数：
[7814.733093843312, 0, 1207.05438822664;
 0, 7813.5503046064, 978.1758114163888;
 0, 0, 1]
左相机畸变系数：
[-0.1204948302747099, 8.59226892990853, -0.001685124849829532, -0.001618605090039412, -292.2458695418636]
右相机畸变系数：
[0.1324023769580313, -13.7183505415937, -0.002134485429285803, -0.002917982804290732, 482.622663640412]
旋转矩阵：
[0.9978746882647606, 0.01591960681515056, 0.06318759877822494;
 -0.01495118133138012, 0.9997638633046674, -0.01576958486842791;
 -0.06342372345820696, 0.01479134033741945, 0.9978770703617352]
平移向量：
[-72.57675901257728;
 -0.2948569428772342;
 10.6640080096793]
本征矩阵：
[0.1781404426767832, -10.66585117546184, -0.1260640029879193;
 6.038255375205011, 1.243274357729615, 73.09651671930368;
 1.37933856439724, -72.55492696994878, 1.163136662927779]
基础矩阵：
[4.056829671815856e-09, -2.429055471226833e-07, 0.0002090944376564283;
 1.37531272254684e-07, 2.831878568405825e-08, 0.01294833005232435;
 0.0001060495561662271, -0.01264737629218774, 0.9999999999999999]
